$ANSIBLE_VAULT;1.1;AES256
64643832333866303764643330656131313134613036383035343338373865613062646630633937
3436616630356465333462323161366265323832616136310a383430346337336235323937376639
62396664396536656363303465633164343164356631373964396261623463333262633962333237
6664323039616331340a363232666263623136366565336336393733663031373165663365313737
63626234653238336262333733616432653464323637303938323033623338363265386136353039
66623261333937343561396166313263323239316263336162333462333935363833313063616464
34386636666164366362346264313536383531643638376362366261323366656664663730613165
32386533653761363362383636373936316636663532626561613262363862396262633936656637
35396263343636643361333238623536303065393133323232336365346266333462393532643832
38646432396636383065356265663438613761623263356533666531356336356663626566393438
33613038396632643762663036363535326332323033643831366135383462316238623661396332
33396135373032653266643162306237386336343831656539366163663933623037353231616338
61656637393737346332653134626630353333313463353563353439373332353431313236303762
38613362303235623231353939356535363663376662316137373765633436386666343636386262
62343965363364643638303738643638643661616135346339313665353236303464393638356261
39353134303234353866663739363634363835626462303262343561646136356563363437386537
35333961383339633363646338366366373538396463373663613435373538653237373336393261
32633235313535323564623438323136323839306334313562633964356561643332633731656131
61323164326432623237666638386139306532313465323565333137643331383733653363363166
31613239653030623637396363396230376664653162346235393261353631366432333764306663
37623135636133333834323239346130356330663632613635653839626233383937333535343864
30643364613261386638336332366336353562363434643239373265393539373464376462643939
30653639613434393864306537336337616238393561393665616666303930363435633034663839
31383861653532633263653439636466326537373536613262636139313336636662343330666334
64343431386163346364363861656531653262336666386462653133666532336532373531393239
39663631316166663536363536633766373239663035386362326462383236336435356662323166
37643461336335336238333530616266303363343165626537346539376665333336383638643566
63386539366164383064336434646665393938613361656362613861356135643364643938623239
35356566356265336135633462383039646230623363613131343832386461623736613030653562
33653235646538623362646638613432623963373565313836393130643265633336343562393061
65393934666134366235303636306637303236666663333331663132343431363732346330636437
37353430633131653662353062633430343462356335326565643631656263653966376435656537
66353464396436333466313331366464633837333733376633663334633731643364396266313537
65363862333932383534663539323430373465623161343032376132646337613235636338346464
36623130643137323038313065363632336632653931376632666563306262323331323361663136
65323864646539306664336565316664613561633539613732323364383866636262623530313562
39663135626665646365306336366432343234356662626230333966643632356665633363646165
66643163636131633962343434376331373239326234383631363135326639333333616330313637
36363165303338373939343234366431633264656662653231333962363163383331613662383536
64333832316436373132313062343031333161393237323062396636643038616463306439643039
65383862393639346563393063393962616363313430326564383739346531653163626466343630
34373865346239616631656534323961333434613662353238613637303663343336356132333337
61336463336163633864346636656333303964636238323937343865373531383833306431396161
62613764336564303533393137623837656666346437356130336337306539343339396232373733
36633739373730666238346433396337646330616430306536353731636531626337623561653336
63316334623461646461313563663435333433656136383864343431653062356166313139346433
32383665656234316630623535376561613339363765326538373537363232333762386464633632
34633761623538653035303938666564396261333535646665653433666636336331303662656661
35643137636434393531643838386637623035306530623239613362666462313366386431303034
33323665636134616130356232643436636633643632366434346536663236613665343431653535
34306332633238616661636630613532366239313830633138626461623631356264373763656134
32666366313437646236373863306232313737613133316637386661333334306363626466383738
65633639633935383238663736303330306361363264663466636532333534356333623139643836
61326561353564633861323435323637353135623338376634643432356235353635313662613239
33666366653265386139626632623065626163396133373639356236396538313962646365333965
37386532346261363462666561663538316639643561373765303066313030313462393931326435
64336538353032613661623466313431326361366666616231363536623330306361616666383463
34633033666562353536393662663137326337623238656630356266393133613466613030353662
62316136353563396266653961666466303362653831636263353936316338383234613635386530
65646264386139626164623130356362366564326239333131633134376231366637653433333639
63326639376530393533653232656663663836613532333462303938383862646364336639326339
39663533626230613437633934633030353532633831633237333339616436643337663566613866
65383733353866656632366561666565663563386230303639663634643730323962653563636363
33666366623962323662356631303635613763626138366330396466666566303534346634623432
36646632303439366136326533623662623631336263303966366265393836336562653061356332
38356333646431666138316336373763613565363230393535383638393539633530313337333834
36353732613638656435316638623061313933623663393939643463663564343261366636613666
34316236633864613863363530623962396363656161303830306634653962383437633863343530
34626265393030316231663437333034653135323164383838383034633936643036366136643561
64326335363132616666346266356564353765323936366631613435326561306237343135316633
66633236303632366465326137623162653836383061303836363238633962396136636236366262
31303561616133383861643831333464633763643164656231646539633466383062393139383766
64383638323630333561303039373936336330633561613639643665616435326161353962306232
33303935633835646462633161663639663062376330663430386166346163616430616263633864
66636464326135613233386136373563323862326234346239613230666132303536663934323130
35633364303331616666656630306465306365663338313265666339623661626437353964393431
64373332336664313664343433346439623265663234323666343166306331633431346165306335
62333132663463303662366632326165303162653361346364633763346662363761376464623435
37386362333633643766333334643839653732376561623935643334326431643633356563383332
36633130343234323361626431343635396335336462343332303134383036393839663766313432
30393433376564316533623831643936626164323664623637313235646264656266383834623536
39613163616331373335616665366133306234383137376639383661323863376539646438373362
64373537626337666362333165376266646331343638336330326435366664386132626430646164
39353965376438313664646535383836376535306465636136656530316231356339656132343164
38303831626261373531323465363338313039353335393465353431336462383232396231303235
33316266656235396361346433376130316138323239326166323534653830653139623366613561
30643464653766323166623032326339663764383737343233386462333938633639663265636562
30336664323139666435626331336230303938386662303232633934336333303234346162333962
66616339613361373136373362346231306438653635353935653336313466376138366437313133
62356462333865336664353266306335386262613939323766303538333030636132343532353235
37316139656131636436333736363136323638633162373432303339393561646264623166366430
64613934313737386462303731653266396235363266393961626532303465663435373164373665
32633665653137333737343738343266646562666433633163383462663238666334653833663961
33376661623861666662633035303361323465653465313435623764346130323266363566653537
62343137323934663363613135383963373736353466366336326464613830656563366366333330
62346135623662326662373332353931363732616131663834303837376564643930333362303832
31316132646639353264653536356230613537353332326435393034323561633866636466363966
34623837313566346163366534623662366239333961386463633731666535313939643639623130
31386630663931313536306136343439323137343836383633613230613162636539383238303739
38366164356538646564653634613637613537333230646531313030666339343539336361653366
36623330343631333739326631313834653365623663616265336232636239643535613832343039
38326165333634313962313563616430303864656635343032626234376633386338393362643635
35386162616665346233366337623766376663383331366130313931643036393932376535313931
62646435366662393561363036303831623365613532343662653266393237336234613065386438
38396334306466343736633735646638626135613133306365326365333765386130393865643431
37396531643837656534663731653766373136383131353636336631353162643335656132373466
32396262356362313462393366383137633035363335386264376637303938383632616265616563
31356131303031363563636430383964616463323434303237366631653061386139373336306332
66323965373333336237633336316237336431646566343738393638626433366239616262376339
34326165356635663936313933393732303738663238306632373462663664623730643235666364
33313964306431373366663937313134623664646566396639383365396566613630326638663438
64613061373966646565333261623836336635326234306362303766646132656131306566336263
62646462613534346466646637326265646466653365323738353435313835633032363463313039
62623863343936623030363536343135633931346262336366376134643634316238333865383636
63336532646535303461383739396337343935633362353761396234643161656663393966303565
39306139366431363763613836616437373734643939303131353161306531613162386637326364
35326439326662663336663934656264343166653031393136346361373464306435613631323738
30346137386364356134363032666462626533616665323634633463373732353565633264343634
35383934376438663965623530303865663431326131656131333431303436363133346138333465
38373738366139353765613831663562303765356362323632623636666365373464663634313138
61636331656231306139396538376230633539626533383863383961623337346139373963663735
30353365653038666133623439346335303232303630383063396237323361313037373065386461
31653431663866346237623637323461313331313938643262313332353436303839646333613637
65623935613731393864346665356431636565393438643533636565343731646235613330623832
35633261643733313463646431306661666234613433623864623935616261366266383164653930
35323438613137623638396139616131386131306439386239653330346261366637336631626536
32616536373333346436646330366531316266653536613731333939376664663532376266636233
32653330613634633634633933653431336461656230383838306230323431643133653535666537
33306361633137336530643632366336623937333034633032653962313566653939633130326439
39663862333365386436366639663238363364306633666365646535353036646362303862666462
65623966356235346432313237373230313338343731393231646136396539666432316131386138
33336339373837333734346436613964343663333934333136353436373431396262303033646437
31666438343865376265303731366534646162346262653139653431326434653539373434386432
31353036663339653737613665613135353930643331383463646164306262366234323935383430
65656264343561343734633837313366373133643431363931316539333031663733373964663131
37396166363732623835666430373437303935346166333334653835633739303236393662646266
62333931366134663261393838636133336664396632613537306237386232633634353535653962
64393037396234626361643432376139313436346236666663393534396639313462616532326266
33356261616436393930623062333061636336333635343937353666376438326238326438323763
39353631336530633139316230353038386235383938376365626235376562333337623835353735
34356532646662306339663962373534346564333935396661376463663536663238343939333236
30656664333331373137373762366362376639383964626338643266343931613730353361346431
61666364333937653262356431303738333131376338353862306631323338623961396333373535
64623230393933393632306532656636316662306262346630623838373866323262333861636163
37366564326632623339306561616237623939643935363365303265306339323033336635656362
63346666653734663134656432623731323833656237316665613261336233313666323237636164
63663862663661376633396139333534303661323039343237393537666338653930313738613137
61386530646362326330626236613736623533306339326530353036313331396636313035656437
66333561306234626136356163393331653963393363636334316238653930366138306562343030
37323661306135366562336561653639346632323064396234393665653537363363376433663566
61313939303730373335623862306639366561663961633563633862613532613636633235626162
65366334323334366264346233653838326235646338653031303934383932643036613533376432
64336461316631336335346564363831613462363965653535356565663361336666643763393461
64356130636231363864386530333137353631366666393030386564323865346435616564383063
30386237326434633339333863386665373332363534636135616361396431336438306364353835
34643664663532333431646535306439393663313336303662646366313832643336323833636338
65663639633736666438386565393636656163633563646135623465643562363366616261623435
63313832373366623864613839663934366335353565616462626264323632666137393134366261
35393336376236323737653163303963316133383762303963323036336130376134623361386430
39376339616363313034303335656238353663386464393535636466643364613838316564393962
34313831373465343033316132323933376433663764336135666134356632393566313365303533
35373466383664306263393466313963616666363734663232353230316537343137636337333764
66326636323232636332323933356331633164383231663932316437653238623662623538653634
65646334373562616564343838353431313633613165613837383837366133653035313438626433
65326334336238393163353462373932326466613363663630663834346633316264666238623863
31666433336633393339323266323035303737616161653635343234386335633239613430313161
39633631653031353337616666333933396563633865356230616164363762353464376563316439
62353439623532346462306438663762383538613466646230623365653536353430643963626637
30643430623830393964666431363232343932326262383533323133353237306336346336633837
66333463393764336132623038313566373364626362396136326434366337653035336635363263
38633738386437343034303361353630356433373332346634313336646532643533396533646230
32336364663536613031613530333733326336303263656138646562396365626231373166393932
31373537376466343332663465383338376532313939303264633264616431383061373062313835
38316537613536336631383466356633383138353737376539343635353966333738373331616361
36376634666233633537613163303938373463653461326162336534343764373364303938633838
31306631623435313131626162373565633764633632656537663762636465393762333163383631
64326539626636646363643664363136353161336330306266643434666139393030383765363130
64383036366166376663346435313336636537343531326465623036303162303431623531656630
31623366373162346134323939353065616363363435663731386435306365343433653663363335
37333835386263633266303262333066343330626564356233633365373632376530373834616566
30656533326130616235623731633562353366363664333230353463613061623832343362646130
36383331623732623036373061643566366266643061313134353631383263366164383066373030
62613635363266666234323832393366343863353734343839333037656230333163326536633635
36356231316333623466326530633131663638346163303436643966383139323563313532303765
65396436333132613835313136363430646635363431616364666562623262646564313165323937
30393561646365336339363835656530366230346339663733643134316639623830616536386561
39343831643439633739336264393239333031393533316536363133333862356639636135373465
66346662363837363361323036373937323436633832346663323930663930613164623161373963
32336664366265303133623038646463626337363436386635303333396537333732353864393630
66613765633438316361336231303862613064656332643434373963396330306537383866393333
39383734326434643239343961326635363765363333393366316338383564363034636139633034
35376662646135633835613332646332303537633432656362313066623132306561336433376561
32356431323563313634633164653363323164643965663930373733383165396633633339343936
63376336623763366136633631313230616261653461616638613163656434316537356330343064
65346535636336396563343532616566653430386133623761383461663665303532313263303363
39396166363335643539643065633537373366386266323639383465666462326233376563313937
63653733346438306563363665343234356231646464343832323930343838636238623863366432
33383237343839363738346366323631326338386462663635326139366435636134303063373731
35663165383637636630356531393433333639383039613137363636333262363662333832313533
39623931323637643636383762616538386666343734373364323764663864303564333636643236
65313335333934373631343130343662636531663239613161366234383562663735316532313733
34623162336430663134373335303130333136306537303066353232616165323236656464316335
62363536653838356662376332356363653239373637646433336337633231346531633038336636
36623633396261393037613164396336353630653961326334616632356661363631353761336434
35363931646533373763343236616532623238613265333439323932366165346435313661336531
65363334306139393063346137333038326538393863386339663064626363346233626262633830
36313636343630363031346662656161303435383965646639646336316464613265363731646661
38656138636134613765313231633566366433623063343034653335653430646262333139316364
33653239396263383865373739386539353230653239626664383666363563656437303161656664
35356633313636616438363736363033636136353763343861346434366663646537346337383835
63353365616436666139303335346134393439613636386236623433303438346461343839313538
61323063303761646166333564633637616661346637383432613761646632653230363334393862
36363635636137346564666636653735663734386166313763343039646164306234396331613834
36343463646564326166313636323961313864316139353637313032313161376430663635303437
63306635353136616363366665353866373964623333313534613161613138613361303965386165
61363836313630663439336437633331643866326164343839383366616161353130396461323139
39666536333432626637333630366533633535386561376662353330356635323565386231323530
31346239613539363666343663343034316262663332373638323064353932353466373964316233
30346533616266383261313239373236633664326430346431653938653265336136386231363564
61643164363363396236646361646534323935333835316338646561393831643266313236383335
64313836643163633939306132663263663738656231323363376133616530363834633634633464
64336366376133336333666236396665653663316362623465663936383730303937616362373864
35343830643436366461363966346462343735303133353232623732656438613765626533666463
30373464333862633239333430333862343838383563303236336537353038383331396663396564
66613731613230656561336438616433396563666435616264643261326335653536383465333333
36336266623034303638663064613566376161303932393633666362306331376266663165353534
62653636306330623634313334363461633761343835366636646238656662356438613636346664
34343866313566313761636531313762376631333561646363343736316464346134313334333630
65363433306638323363663833396137663437626635353262623966323930656663663139633263
37663636323736373939383731323563616137666666306661643332613762353737613162356635
63646534346564363061396566313236633530376166666634303834383332386339393638633138
37613031616261643135333236643462366530323639653962666465623930333537636161393662
66613130636630623266336434666663643732316462653465663862356162616530653032313464
66636561303738666566633436366632323435666132653330653832343338356263643861316264
30316463326532663338646630343132643162396231666564646564653136343535316437346337
35303439306533386161376435323338633736356465653230653766643861326166356138393731
66303535386535353238306131363433646663333638646639373733373764666132373134373235
32393630326166653738343933393865613164653530663664613639393331636365643166323236
61666531393539393165346261396532633136363834306130636433626265633837383261343462
35366131393938633161313536626236633632383435366630323461313366633566306531366262
61663063333131633137303964373130656362643465316166333961333534633139383638373733
39326630663065653534643338316330663036303566373439656436366631643539393761633937
64643265326438666663656438653536663738333631303435383965323637616332363738396332
34316138306462633563333263323735313530376139363661636165633037656231313664336535
31393962363463363064636465323364353663663437396639306162353534343933393330653561
34633335336162663034363461653562623733393330646663343064326436333438333730383834
62363161393339383265336431336230346235633066376336383634636664323830333665653236
62653135323264326135353335343339613635633831363733633434393339626665396163313237
38386166333565366530303861313465323261653531373966383539613563393539383432646165
37383235363637663639363233373635643364323363656430613736363366383566663131376238
64623030383233356431336538393266633166363064656536353662303438643538373263633332
37363232616162326539363964383937316433623134336162613465616535653861356537346237
38336532316637373232353635313266636463393530663336303866343230333033366135303164
36303939333663306566303666383434366363616232626339373533623033376262306235373330
38636539383638613862613332313862326562333237623536626235316438373431633930363361
37636138343263326261666462373437643431653763353261343935393030303965376134373038
61653438356163663135663066383362363634316331373831346532643532376431633562636637
39633266623936353033393535333637623465313437353032653231363366633631353035616537
38666637383665353764643530363565386337373865386536353964383239323835333533306664
61366434343261343866353765643030623732333236323733326538666332326439333431623737
66326265356137313634363130363533346263656237616663363264623038306235356533303362
34366539373133373232613931613465396366383732633739366530386637623130396332636533
34633561376535323263626234333436656364323961326263316136393436396635626333623066
35393165663730366363313965636537373737366631626139323332626135386639393962613831
34633039313139326161653935336334323336336237363339343531396461396431383533643032
33303265663963643238313562326466633766386339613036366639363430636331336235373161
36666335633963623839613730376331306665376635633961343031303839383062346532653438
36333437613961396434613161386264633636316462626462333633316335663961373461343264
63313762363565343539306336343439643237306335643832383334356336643135383936616266
32346663326339386131353533643839366332613337313335633938643263343933616461303630
34333136353664376561333437303731633065643162323962353733306131663139643233376163
30343362313637313062663965323663656661376332303165353532353362343931333861363734
64613337333433313232313532663862626533306361303366393335666539633035653663393733
35393565353137316463373566616135663539376263616133643831383531323330393039616633
34363464356530663439653138316634333839623230343832303730303835653232396365623034
39353865643338623731613261613832386637626638393962386633316361393363366632353730
32303632333166326335613364623237356561633939623363336237356531336163353662333831
61323464633836396134356338626566336537336536323236376534313334666664373363323363
36363335393837363165383336653737663965363466623561636566356335643632393739383337
66393130653064356632336261613134663739316438323937373436383236383864346234663835
39356661643837613166626566623864313737623238323539346238353837663532393834306364
37336638663735613531313834396262396361373733383638383761336231303961643965313135
62353862386230656264613762303536373530366366383232363133396364353938346233666165
38313533613965396638666361626638353465326164393265343261313665616133613138373930
35373834373330653633306638316162343937353035336263383133313362626338303434326362
33376532363061653835383264326261316439313061626439336263363565323037393166393230
62353163363066666338643063353733336632656562393463366537376563316136616665646135
32393837616161633433653433373862663237326537623732653763386431656530363138353163
34333534333437306536636437336639313137376639336237636130623534626339663766613639
66386531333564383532636161623536626265656264666264656530303963646366346564333630
36336136363239383432623066363066343238396234663834653361303264626337383336643462
65633433653264396461623563393936396263653461343237653633643361383531333236346539
62393665363233343533326565366534353635393532323061383432316433303932343465623931
33396432633832386536373461666531316338336164363065333034353234383437383836383834
64306439616533306237353634633532336466666564643431346534633465373132306364366466
39666632363466653764366661366662323262653537643830383631366662623263333664363139
61383732366239313861306533623031653066633130366338663765386438386638343965633539
31306564376538313335633236633735386262616163343864316635383231376362326361373932
39383662346431313266623932363264623432613738383263306162613239326562633337353030
62666637343937643665373762643964613530363861616339623332303037323062323866616538
36386564373033376365643239386466343664323033643131376130393865303130333063663535
31376336366362303566356138663937316239316339386137316530343437376165633032666161
34653065353539643832653339343936326338336462393563653164336166323564316361666161
65343263396234616230666461396537303833653266643161333335363163343337616564313233
64333438653934393136653366326263343735323464356130626333626432336237346538396465
36313233663066316662303762646637306465613136383031656338376236613562643833306334
30616161646630366530393966653462666631343866336533626330626534366637633365643334
30386361326239333437633230356562343466623539613230343766353936663733646564316139
65323131383237373030336265353165626561313232346366393635306131383665326231643337
34623536303361363265643563376265386130613162303662303666353035643539633961343934
32656664396331313965633361333065383966386130643731316335393863646439396263653138
33653431366436336633313131376537636465396135616363656633623162646163346230613639
34626537353933343535376266613763306562333932376464643530363762383563326538353139
66303837323161373265623337386636353532626632626165326131646262666137633036313263
66363237373136623265353837393764346332663562373432666232396463373565393532363231
31323331386663343430323531306131353539343462626637653534363264646664303835626435
63323638343437653537623061336333633135383665646163633965373265653433656339323663
31333962326461343231653334666238356566313236376231353139343439326263613230633039
37643833653566623761626465366233336362366562366436393936663631396661616135353036
30663266323962303038653264646332393266356636333034623663366661346530353463303866
31303338613436383730306634383662663833303735383234653561656334323566386436333830
35393565316537323661633762323532653661653936326530343631383932333632393437353365
61333032623331393263643264373366313461376234353662643463626635623362336439316463
33303436303761383239333231636135643266653134666163303230643666613034396234383934
36323163376436333963323036666130656632633830633736393239366439636634343365616263
63626534353364623630653565623938366238616339613233316332303662653164363734363161
30343437663735313833613433396165326134323139636434666132373663363561643339636533
37323536356639316465386134656437373661383762333134373138353037643130353234306131
65396337346565326433326536616239383237393566633533333534396666336164343337623761
32366439313536666635653166356566363761393331333130636661336539303232393635346463
61343438626330333438343561353736373063366164636439326437316665353565386163666339
31646337626631656638313732663336623261376138613937636333383537663163383531353837
64383430623630656336356336386364386430656539373032666633313761616535353165373663
32613365393731656463323739626230613039653166383166653163303631323837333833646163
61666365376437643835303835373462646136343735313530613364386337393933346231363531
33346661636535343066656336663336616535373431663336353535636265353334333931656332
39646134323564396431373664616333353461343865646666343565613862663166333030653730
32666330626330306535653031653739333166643936323861616665343538323036333232666466
66383666333863376431663438643961626531393032623333376435643730373938363835313663
61323132393238656639366161346662626431393965383065393863333862383164383064633930
64666166666139613964303663616133313631343966653136623630653935363765613963653562
39376436643634373237306237396239396632373733383435653931343964343336353637336131
33613538323964626433666339626337326137303138623839313662373461396435313839346266
37303464333832316263656463363234353935623866653234313032653665383465393162623539
64313037383465623632653763653663633434393031616566333361303365323965366364653162
38396364313134663939333761653837313631393762376263623536363366333036393362313062
35653633323765316438346362353231623936363332303261663537313930613139363432383830
65313237313131616363623630386664316463313933346433336637643930626664313833613465
34356533373166356131313765323263326666373636653366323430313835643031313866386263
31333037393062353665393966383636353961333333383036323134336632313265373337316532
35653839313837343938643265373865396236663161373330663231346532643862623136316161
62326330313533393837653666623531616531373634643534643761356439666135303263353937
32316166633336333930336335613337306536323236323731643539666662313435653364613939
62303935666532643033313266333532613239633231626632376534393839663333396261393139
35373239356331313339323164653564303135383966306338376263613033333931663165653765
62636636353866333833663535356138393531353835366362376634343838333937373233313730
34653361393730323439643837663964313961396435386537316530623166396330353863613835
34333537666133373731653738643266396136386465336135356566343130626666313034326438
34386231386230616664343630313332326430643936613937363932393531383738313565386464
34613830336435663465386539396138343161623866303034363464643164636565633964656638
65623162636562353639356637393066323466346463313836306138333237356438323861366638
37373465396166623339636562393930383137366162636232343733313662356566383333323062
66396538303038623239353764313537356139656332313239626639353638353638373532373862
66343563623865326234656566633238303966366637343765303962643865313239313232303938
39656566643536643264346661313161386366303665313737353033396236633836306630643937
35363639353537303839396537333936663434653063343066373066383933316236343837336232
32326564636163343261396566393530346266633132656638386439643836623232633132386133
62623938633436373334316435663837623332303935666165656638343836326333616333346532
38636339386163333233376131653231643661636537313563643437666337623165633362323161
65383834666434633432663561353032643230333438336162643736663534346533353033626234
34656131633363646564613435396565336363316535333730643237303834343564633364356139
37623164666538626663623862393335393231356362376463666231646234646565306464613163
61353639623138663061663565613033386530353534646630633139323537353337353161616362
32346466396235616236363465373536363366336430313530326465303863663538346538353934
31643937613562306138383630366631623737633731613761636233643266303461396338323332
65643939353261386631
